512
302144400.79599106
930327229.9245414
737890923.4332924
921119004.8093685
794202988.4801517
550332743.6394436
128035382.54121682
500665080.95037323
178491603.22049877
779207689.9798701
808813873.6872495
135271217.08568996
402418498.86940527
984040256.0508096
338996153.5602732
796417520.6043375
354049876.0851108
738380741.0932384
718856822.7387718
330810670.27965397
422102187.0555213
925736324.490686
596521163.7685078
945937721.3478891
158275352.66452685
476763023.7212583
245884330.94739687
400181267.6888457
910778850.4993784
265102861.54506806
796001130.0558467
565886725.2295122
557165693.545712
550862694.0177157
674894429.4446089
310002041.2449553
535303256.30014384
124705549.30137226
231562999.0712609
503611078.0436476
738594480.1861078
569935422.4172959
880065857.8316815
563790218.3483126
419361927.3272283
240487104.2948884
373468904.6140932
224279558.47568232
468505030.4168143
158408106.14733347
344644912.1955402
287675528.56483006
501222343.63357586
199731804.41887718
509221182.1026422
944071650.7586782
790241859.9580706
880729516.1268274
386610077.9768032
857034741.890806
808051882.7354199
555147523.1848512
530767610.1439948
908466103.4980842
399373803.3074377
582097413.3026664
692919431.8992203
498236605.2965555
131636199.02863789
752621639.3462812
975155528.9465952
430220856.573744
606956175.4968874
191344030.3452554
473089478.873665
563868604.8155725
238478212.69073984
708720367.040877
952074383.3909992
586265182.3500278
370045606.3190892
714415809.9485945
995580539.8472767
220394136.0679057
923423428.7677879
883156000.0254062
481731683.3685307
675227562.7227477
172025878.04038253
635452686.4154227
278915473.66454023
143347075.26097625
312322120.1858778
680145945.6310111
299084664.9708334
998109731.369786
412617495.7417243
170043141.59929213
365576863.05306554
138451079.06187904
963638901.5889628
729406308.6260816
355281935.35727787
679569830.5740826
838825599.1233276
969462995.8487498
508710079.6700049
370658833.5406145
347728033.0145439
544986884.8929853
783831539.3189777
479040576.8891443
616541026.7447293
173783386.58188194
363514309.1308665
758235701.8453926
103768877.93003857
767264713.5914992
986227096.4010248
161791626.25117517
615959764.2035205
467392349.4689234
929427556.0842878
935152543.803247
954120265.6007175
151723384.94982174
932525753.6044015
792933116.2914287
304060690.40568817
237544364.73654196
850133675.1760137
620347625.9058461
234633216.79581
506900867.29599786
446295015.1719271
198441963.9499668
148177042.5439837
755190643.7216762
458250898.75090957
516433836.26964307
405037057.6236672
683551685.1047562
646684519.2611144
708890713.2584356
977396667.2036769
687985013.448566
481599963.17041576
734452206.3998034
447937818.85130227
549879710.4085988
994970853.2902399
376689113.1573548
479969935.24558353
696002333.27082
961649579.9069153
512854681.26461756
192347071.76229817
641096799.0369558
134533327.4206771
566383830.7800386
983750930.7643065
874572441.3524877
428920179.2569129
804704724.3669558
724196699.876989
265268738.7492019
383249778.6352641
816305627.9734632
327205833.00589764
282611480.5665147
654676004.9942509
832400567.4212228
518809250.54878813
770036729.7030338
872029579.5546536
883007111.9724402
452175876.27688175
406260583.39480513
211111731.25847977
646147737.7941216
420832120.22699165
858580096.1583679
770247649.123254
513140133.5756077
742203872.1851774
355562581.0880102
608352714.4032236
150509712.83512428
584633102.1359117
527687955.4943854
836643765.9273304
920083801.2192786
660529903.7199997
171463579.51735526
358848976.21567833
320304418.88935554
277491954.8678704
462666248.67777216
462334717.7475571
716059282.9006724
129093749.28227687
807553638.01924
901859685.2769897
531723825.75413734
505573053.4219427
513044374.43694097
307541460.30899143
863453319.0588338
550256771.6572769
534584554.7445759
846755007.0426801
529720576.50152826
318233522.6156683
818967703.55036
409394479.61689824
866310896.2395837
202650010.26387528
460198129.401862
384440015.1560589
651776716.2783446
395416245.0264145
737360226.8852541
439991336.9695529
622421491.4785862
915627681.1393133
149574215.16449434
223841315.46813756
355488252.25530434
465062368.84299713
635510193.1407893
287643928.3182996
487381063.50714636
217483024.51618725
783095486.7892544
386728117.46720946
973919255.1517297
289192850.31534106
429638616.7898783
432782433.20837194
976419839.7493069
203095139.52814126
555372953.794797
905435462.262215
862700310.6068529
624477008.6822348
910275769.5560191
328681651.20665383
577661392.953709
484724656.0956336
700624866.0212915
492632241.40617985
617396742.8872659
461177091.579148
470331825.6504311
961287211.7919244
441802501.00002015
214520630.24445367
160162987.41468737
760191357.7212503
625551660.9309964
179149503.5664181
504727963.6577394
794818264.1746291
654007374.1911279
577061581.885561
953611220.8587184
527489615.06696886
485177786.5312967
892051133.1966265
785784426.915344
325246610.14085174
243452155.54097232
906042820.319963
432288528.7125002
341530303.3973789
982152348.3025991
768472465.1965741
521280156.5585429
633732704.064103
360086719.2694944
679582209.5198019
312871535.519058
284697803.49370384
969935341.1265258
815467506.8436053
193716653.24446118
914071724.3969566
592649040.132304
959667504.9426814
439901397.93809265
856186934.7427856
589860941.6858394
512015198.1659402
856950927.3514476
975973745.3359493
352460904.0025233
762730844.7394396
116698927.23655412
256477478.46810827
638874721.5066123
454044398.87785494
106265734.1522088
935443632.2756424
560400146.3404844
914842810.6468045
115441872.57904486
109731161.32056971
166921176.69681883
951571360.3283134
235547563.0901531
477172820.99778634
561493371.5534205
925487000.6430328
320572446.6702465
760720276.6312947
383469241.8502842
841160314.0287205
631443333.3560531
779036504.1093457
302122987.48345685
327606691.2284874
941350179.1567965
768621417.7793615
825212511.8612559
350138911.3834564
257385836.00107276
820980362.4496301
178982044.14621222
921137721.120226
949188292.4796648
546335940.8089259
931110359.5041552
486470528.92242014
331875416.07251143
848545388.7533144
699468963.0869268
346284616.11848104
531076327.4185936
760758378.1202321
820629609.2355566
460092955.01806605
834948255.2283489
952637163.2911317
922157427.8053181
872171916.7478174
204179231.059089
973071358.272856
147960170.8789023
532150330.68298733
460334173.85284674
349840778.2466178
924207722.5192034
770639607.861615
948472077.4912609
293537976.5037491
188824350.58592176
346485172.01998353
752577836.8381639
990861943.3323306
852504675.0475565
352717919.30614686
401926025.826233
488100802.5984393
743737228.8957176
674827215.2513579
462508050.9850745
528911108.3546074
950889221.711582
710653702.1044093
237818314.3499089
895860594.1060675
874829342.5367568
427605569.2789412
744785483.3809825
320636292.080711
500796049.5014538
966971944.8752676
220634753.115876
311986813.20441306
537587469.0159163
506161603.9615939
793813327.2400675
269363408.3386702
219877401.75188622
236565130.60556605
639287630.1856343
720211792.4362869
968754419.6091696
801981161.895969
163448992.18403742
817810162.7243347
979530305.4622824
414020163.3243753
232975779.24255213
796639106.8240345
141492758.67413816
638662356.7649999
393088090.40606046
601739023.4304771
777208928.2176032
722427874.9396976
284821260.7619416
602928426.5039389
225321806.96217173
523078697.17110634
712474679.0957137
851863071.3871188
363801932.42059034
420853756.36445385
667082587.6669297
126101978.38964424
146532139.50250074
639001627.5929519
527774713.2598414
762215906.9715828
509556150.31092936
561485501.7493756
889015246.8921094
896593839.8665309
933540356.7310847
307650741.89469135
750506667.8000382
515856523.92606294
229528511.36119244
416191689.6331149
447638429.36409146
545951778.8965456
754101700.4963224
475070204.3714493
496896286.1621378
473984680.8682948
266507902.29721692
982062018.0560164
151213545.8278386
283274554.75967014
212335942.67550048
819201122.3515072
861199211.2604495
657923995.2762779
576567192.6319747
177022699.16953564
607058089.6631773
972987162.5364802
517629494.7401482
220723329.56943268
212113890.62864488
817742255.2895468
265484493.11858097
613022343.9806746
925934018.9640542
474438322.25964665
316014561.85444355
267989187.7341984
220717739.70975733
472146931.6134795
896257720.1767927
871689055.253895
711454813.7579676
100512996.51366954
114358104.13666762
382860070.71196324
651933219.1159189
831683255.3254168
548056668.9121001
258701800.27594233
100377890.01340345
884848349.0920609
281093720.3726358
998217858.461346
773479809.9999169
210597478.79351106
574317624.5319071
675000422.9454393
890137036.505196
653042786.9000514
351405765.7107382
583426837.4082723
371356874.14049095
398719853.7743113
517072883.0711509
155897744.55987355
788081295.8194286
675840355.3813534
144790575.38179988
563329452.1283584
742247489.0634128
191972502.94938284
707259549.7075682
369581537.1253507
220940484.08971825
595399360.1658688
359527639.45709294
261251782.17433423
683777977.774815
426529927.5736496
682760276.8485482
833719482.0460206
580876287.9402343
776836528.1363415
623221501.398273
685621260.1444755
701882168.301808
324818320.4629415
885299380.2051862
756101389.1833041
586931626.150265
214834588.39270228
357482214.29672396
610588601.526434
475279503.0884429
353917016.9911903
450032768.94971156
0.0 0.0
418.7369730845453 472.2480504302546 -4.928618881225852 2.614992328458113
-219.3305909172483 287.51499147794254 2.219715401891934 -4.154909385593469
369.19833261225347 304.51101266090404 -1.3637405186772167 -3.421653028592778
73.44171891801 38.10813999346806 -0.8222352689118626 -3.0978833670609407
-273.33068333424785 -90.12496222149844 -3.1337223698515815 -1.376723131470273
-237.50003831455876 326.7094858514914 2.093226207764433 -0.7644396083273399
95.12735733135094 5.612672611035066 -4.7620044667671815 -2.2389721962163045
365.94403412540703 -67.91507572060453 -4.96735718432737 0.47672770866238423
-382.5364930548836 72.04747353476375 -4.176840700521951 -2.202403124757283
70.02320268553137 0.8732288239303898 -4.75876936173794 -3.2002422621096285
334.27619502962955 256.62299138463106 -2.0269486598953357 -3.668753130670975
381.1945772126569 103.00336342187916 -0.3587484916261996 -0.34561389833376843
-45.70847297799787 328.27295888937726 -3.1135078375058534 -4.578738403329703
398.71547866001606 295.1665314457056 -2.247351033256799 -1.0399778489895262
392.233857342305 126.39942531252996 -2.7191841184255217 -3.61422036333333
361.864872202342 -29.837675677334175 -0.8567500634792662 4.405139212988791
73.21152841795913 350.6793693913753 3.1603994052785165 0.7340841030375236
325.7815419031747 84.05480458935858 4.602764167493902 -0.6418919707294499
4.821317486322528 159.58304679139042 -2.6761400362847274 -2.9682814182207617
213.69844818964748 -457.4144147079282 -2.394815818476822 2.6407996148601143
85.99508941664101 -111.05831130129837 -0.23469315555909986 -2.2661228362683006
-203.0884866876669 306.53206248467154 -3.243448348183764 -1.3118168185363546
-403.75530816952545 157.80780853400665 0.9904201600019551 -2.6320360317106593
-68.094055232112 -365.95016577381534 0.6287091649541345 2.8092800550327723
99.46931315244512 440.33814776255963 3.2042179626777525 1.0509960093985296
-353.83623745834745 223.42896109679054 -2.263756238448986 4.654691831034631
-267.2198682941952 -450.74011207576814 -3.6717631831602935 -1.2083980389239235
203.4314568575794 -478.70804064932184 3.852468428269706 -1.4388837954335845
-134.94168989406683 -357.43972422316165 4.352879832931286 0.9606311391845077
-251.93784015401943 113.41434518587096 -4.5439361558953575 -0.08315189241092202
342.2860042906822 443.78208303288136 -4.593596404986036 3.5071072850711005
391.1096824935222 -289.4070416577348 2.9441499368867596 3.315801757639724
-66.4438125844784 455.45572000252764 2.1897688966895545 -0.24541902232569157
-112.40097469140107 32.95230978535176 -1.5315384741718665 1.1325260645417377
428.9964466542251 -336.76368385717126 -3.4628573903269944 3.7975032463461886
315.34386836233193 331.29138213391707 4.548813528242057 4.524093096983444
119.51618540700053 138.8532970673774 -2.863195024072074 -4.374342310013116
-482.77587927807707 379.3236198329656 -4.171581467911616 4.874365356858263
475.8107667434509 -325.85143569652774 4.523901048827941 1.5901765074409973
-391.6581851593742 243.47222321398044 1.2779021437683982 0.8117721215468006
327.4586478416694 -403.79300713687905 3.100596334115032 4.465629012262282
-439.8216940208236 -363.2361419064134 -0.2715098723469964 2.611848166607907
61.63764013244065 112.67090636056435 1.9279594807667824 0.7365888574337021
-18.031223876352044 -342.23361480500546 -4.714676203136175 -3.949268760179474
-289.53691447012864 -248.9331045301897 -3.9434293163320855 0.6221389948752059
306.93627788204753 406.0328630498659 0.7006098547061734 -4.8565125481512785
-363.2514385607798 402.70930244815406 2.2261275379022427 0.29086786995895064
191.18107301653515 270.6531974018277 0.684252666127473 -1.5271379722632061
62.488302027347345 -431.60188749419933 2.0451103765088146 -0.18585346685786686
-262.4771287649771 -66.89161350895944 2.6454337217771373 2.9274657714226784
230.81654844754553 150.08174214911128 -4.586652950886822 -1.1894381849719302
-82.41077804189342 -412.50629796072803 -4.239597136842768 1.7165542326348406
20.717008258602846 370.25439753985506 -3.6551956245807915 4.425585661854669
397.7046663767487 -249.94498938639353 2.909686410298683 2.718969490695793
425.50519248584646 -268.04212136924946 0.7394025965851379 -0.32696100999232147
114.50840351095258 316.9833193795848 -0.6216462746023801 4.617651330235775
167.8664980540998 -432.0827759265573 -1.697576138588225 -4.964410511174333
195.94304398192776 -288.47082559511495 -0.42681506967105154 -2.591903606019601
332.30862151080396 -323.6732144865765 -1.1337201958879062 0.8655223902114004
-25.497347602029947 -92.74792961429603 4.8800440353470265 -3.866934936731219
-476.52442204954394 289.54412919837614 4.051230287070181 4.053726603746101
261.40213227370384 -94.57772853802607 -1.2871806884586001 0.3832429260501904
234.399565105796 -213.07262519743307 -0.9889939922676181 0.19170407647311372
63.41823623542598 -472.71052060834717 2.354138721950944 -2.5116123500555187
-344.46749658066756 -197.9463095507088 0.16972964911065613 0.1795136376835007
-217.01256178599448 407.13418322625853 2.3693105282089713 3.6885023102717884
-260.4682367552057 -336.7512378831509 2.5720776205582494 -0.24725358437156864
-61.53500896734056 139.17812585445552 -0.6518999806808825 3.568210000739601
308.97175512082515 421.93325885528895 -2.92824366642366 -0.032986394976940225
271.2899288053078 -430.950825198211 -2.65942597770662 -1.8413658933383905
264.5427020858026 288.31684386433153 3.3168001568544465 -2.107546912938653
-450.8185280709869 38.09727826300889 -1.8515483874472825 -3.6747888980532695
384.9179283435301 272.0097582488414 0.5126578705736513 4.927810042803035
418.1341377219136 106.55991743058121 2.3263243729113823 2.4560628593490286
-341.34373069170556 217.54754384024943 -3.1659294316443276 -4.427048967467967
-411.3298994838899 122.85153600823594 -1.7434424947312444 2.5194218219525073
138.99092196795152 280.24364820733047 -3.524435209085258 -3.295426166761607
252.99356494357573 446.61072371382477 1.0291338682964444 1.296798203978553
407.97618269274926 -44.00994999997852 2.6879186997740874 -2.101928661650426
-184.5341839249386 -497.7251080691293 2.0313531315338693 2.1053951116446186
463.0147591848887 -111.82536274600665 -4.685580139415749 3.0730583944734704
402.20470209553855 333.69331478813353 1.9815890240518677 -2.9775228710691923
232.61321262677768 208.9974083825042 1.338263589806683 -1.7368903897308305
379.8667867200928 -44.99516664609206 3.022568298783801 -3.2766746950928316
-74.50855028772241 369.4901119212958 -3.4680640487197936 2.5133290052941826
-120.71013269393984 -48.29694679746268 0.13604013132104953 -1.889967462957939
143.44257446649647 28.167895780033405 3.8516274493286105 -3.5214158667015703
65.88895692900928 333.7596480851587 1.559716434433768 -3.289271055522619
318.43694423300394 333.0052216774851 1.5205225617865903 -4.955845962337497
-317.05690698450337 244.82453805012187 3.4704811498535975 2.474134054643261
496.05331414728585 193.10992746229886 -3.9801739391428335 0.38215220570315456
439.98380474653004 119.098456028094 -1.0923461627761921 3.80068896968179
448.32477871252536 176.03893756280445 -1.962162351868054 4.315951472696193
-41.20205312462332 38.64216346582805 4.729553306312276 0.17205707621648259
-448.4799025036196 -288.4954540681808 3.2178264246021655 1.1166289712413038
-74.86321513158367 250.0972846546457 0.9173212766297745 3.3151185318141465
-353.2767190848808 -91.64374628368563 -2.388584937399598 0.7786049831625093
350.025938197424 377.7354128175464 4.098782075485067 2.140965524740376
36.28845441443741 94.06392628852086 -3.8580261728303644 -2.281120259260333
448.46083382709605 489.04692983198163 1.5688970894752483 2.4795859512704883
-17.283707116149685 97.03790971354078 -4.529429415308181 -3.8505629063880664
232.74346600782417 147.956027523623 -0.6591709720352688 0.5583245345330132
-94.79019454318592 344.3230118664046 2.948841306414476 -3.1979303263100722
-28.708579786225528 384.6386288720331 0.9878875185548033 -4.988309788163237
-429.00256481191786 465.345564123346 2.452626738795037 4.795015304293125
282.2945941722378 74.38475634323379 1.737396752365016 -2.6048872499346976
-3.089396142669898 72.01116042655167 -1.0038412536317787 -4.198780444349275
412.4026098112504 -37.50837869054101 3.9879610920390682 0.9789983248312071
-106.65651614609993 116.02279661072384 -2.3475391490955175 -0.8749895332509006
314.1628859009488 -474.99672568700333 -3.5104013132168066 -2.300602376724946
95.7090094540664 232.42545735639783 2.880695247287761 -2.401582610644307
-438.85594636137483 -5.091567457126018 3.717904421145276 -3.7353286540286925
-121.16664600173476 -170.72118312127418 -3.8718528012282825 0.5440935757207264
257.3389506810007 -10.157326626775841 1.0753871418566199 4.3540878654442565
-411.88249131053954 -492.16745533229675 3.7880361862943897 2.3081063562677233
444.40559137041316 -22.85865495064064 2.4043117952460946 -2.1265660587372537
198.7798780486038 -350.9043832422151 3.7355715403580003 -1.8685459807991167
382.111990661213 -455.63300605292847 3.843518066489411 -2.4169674762752336
-3.9788045541729957 -183.08815779167787 -3.0403353510113984 -1.2796680577038453
-425.9551724555729 -99.66265628949179 2.1618227621167705 4.715367656628805
-237.78485639317137 473.11365860282626 -2.164323377130427 -3.186558571148778
-159.88870053118632 -220.02110825449728 -0.3497906052727391 2.040179042858793
-184.79365753990487 383.4776870428651 -2.1919834419634654 -3.463204218472007
-458.8540440832838 292.4787496769741 -0.47773963106228745 0.8596869766827195
224.9076901124124 463.09463200917355 -0.524897878462836 3.0415987630018524
288.78875171339837 359.689266029358 1.4022651781166973 3.6253027221590504
-467.7139796302657 149.36311339882127 -3.0191898462508915 4.879426114711606
-153.1210373826528 -401.4986915596728 -3.192429271719833 4.887986419980873
-15.250888254639733 108.0491419582255 0.1546720613616337 -1.8676490410243032
406.97031118617895 144.7137675500419 -2.7281937519553945 3.1209381184737808
422.69079881212565 -248.71327389246832 3.017736943003978 -4.039717760173742
-479.92333702893677 -444.236340120074 3.7914645188814298 -0.1410507511301864
-69.25494394126332 -128.51757120384576 -3.996575104651807 -1.7525647280942893
-348.419826941825 -298.47519080610084 -2.2541174150719243 0.4962736680130657
-478.8527148751477 273.33595700271144 1.5951366263080589 -1.9472273312980546
243.03414509496145 -202.521008971274 2.626359190993317 1.9573224761252561
-442.38173872614686 53.35666279150496 3.4047314121272194 -0.18190145256881785
218.68376443124998 -392.4385227818514 2.995283576139556 4.416554575405469
268.72272206959224 47.17213662720633 1.055960862226895 1.495926153556261
265.19759240750216 -180.9463450898421 -0.5764311897470655 1.3033505394648603
180.5110689801062 -356.69424712358614 -0.11686407140955168 -0.12925162849127592
-218.22205089153238 -332.7203210716122 1.955359042574738 -2.185168915337451
-403.2145471185414 205.3604992224898 -0.8860757045493006 -4.723873468615164
-324.2103445832654 482.49253197403925 0.46160277719941334 -0.3644692512599583
9.752910794385343 -97.50951891703784 -0.3158809225484207 -1.3755514795415857
178.69664213827616 -325.7433201888328 -2.307177388758974 1.7726465044944373
387.88323575316156 -444.5330135933766 1.0084615279589748 -2.2349221991381194
189.66724864070557 471.1289592690554 2.1923295098321525 2.7598992154320303
208.21404085684708 389.6340084803594 3.493975471604271 -3.518464182194485
-226.66822736436563 5.816700853302336 -0.27607536114194975 1.158440680544535
-184.92680701796604 -32.130621292750675 -4.374865412104196 3.3767631390377417
491.82314211115727 361.6113401364519 -4.538726084733481 1.2149464237861052
-403.96701210172535 451.0137781565543 -3.3873925053164444 1.91400724285743
-414.8077942815769 -40.88445194713108 -3.3958153631236563 -4.030798667561958
294.64035692666675 -242.08420455153765 -1.5353480457237234 0.8297037002784933
332.8798364820443 -225.98666770130382 4.369997982086089 -2.9494947869936885
-8.631175159846919 246.18673668222903 1.4892706192260015 -0.8702197740017557
363.1568543774391 362.17886367447375 4.607097864482514 -2.070728828695202
91.86934754002141 -416.23459168603773 -2.037733265428998 3.158246886634256
-350.15878640983766 224.20215726209267 2.318315128517998 3.9468762044428765
210.46219226977132 260.9649664443591 3.252037522510987 -2.7070734043023315
-473.0563544619039 258.84255383480377 -4.655467205621616 -4.938413687245896
494.9396761041929 276.920455723979 1.7607188338442423 1.3391679787394626
491.8292746663983 -436.7733591629079 2.4358949309112274 -3.849861114254687
107.72042278575498 121.80906752027533 4.383536107695523 -2.6347846596667654
370.4910221364936 -86.97437442771081 -4.122832137317658 1.0876811251794125
68.55658057973403 138.7683929943587 4.953680007248423 -2.6773865908262264
346.28112927298594 481.13663761145074 4.131795705082823 0.07344048536869519
306.57382664916884 163.3562741238852 -0.22647823728113803 -3.8100963800491727
-166.45716691530635 -475.12403465363195 2.7019993755263005 3.8035533067609926
-56.54682441959227 228.50931745480102 1.686264858160488 -0.609724729433081
-429.8516459299461 49.24866662679517 4.928910079218548 -3.474687022493419
162.11003247303154 -256.78057168774626 2.4569776804365446 -0.7485902426286986
320.01865334505055 417.46268712210065 -3.997682097983443 -4.2778213842986315
-63.46250118272843 499.0280985373337 3.527195024809849 -4.7140862602914755
-317.00335642430923 -104.8008210041611 -4.502831813366846 -2.719586547046988
-224.88863688690253 -390.2859030485052 -2.7164108600400305 1.6305480311462475
372.32264283688676 -460.7992084863645 -4.60911606029264 -0.953775121246661
-96.3763954497204 120.00037077850834 -0.891019781097107 -4.419348372994039
98.80185934483723 -70.92905115993318 2.5088613424531037 -1.9774765604662417
245.12079763632926 302.72964847525884 0.27950029405650945 4.5065618983327465
-410.186423649039 294.6011685963989 -3.0090089163685283 -2.0626981575142023
376.1309614514423 -416.5425479591519 2.6725275742121717 -0.30763513857125346
-373.1911326864933 -304.9339207499476 1.2211761682459326 1.9271406898548369
-74.03769139474201 74.72177145235275 -1.4350927494144514 1.4793757228756688
166.6296691086028 -174.01655687270966 -0.20653926697854263 -4.204235093848492
-469.9175086719336 388.91940144686544 3.6689586020248797 2.039424141108766
364.5122823182438 -186.74735130466547 2.488362485877107 3.3585239164318565
-327.2329930134559 -452.41610964200595 -4.572459772061668 1.3245899051590602
-395.06079389982074 -190.45296324308123 0.8022778500136738 -0.24779543064020793
-219.15018849601853 490.93928568557203 -2.615493791723095 1.5442396598620531
-98.31902003693591 -225.27203208342314 -3.258906077598984 2.914173799031281
169.7283356626359 284.60616320022075 1.3411408989288587 -1.8365666235791798
320.5149293063208 222.95953873604685 -2.7565327037340137 -3.922658475908243
175.73722162292222 -237.64533594881965 -4.9065510101747165 -4.0054479400103515
430.2474104449217 -68.46533587633064 -4.6396227424649 -2.71990939278556
422.73147131945973 274.68021846530985 -0.6132256373491263 4.668552898439746
-93.85542970929106 51.70060172523745 -1.2699642401310216 4.428284986839397
-388.4197789110375 391.90663608524846 0.7900991508143012 1.1407593693257523
-270.53878323214764 -437.6150705686215 0.6688922861103332 -4.546254565408051
85.88848301270718 -59.86014456867059 -1.716809110239066 2.442581207163527
475.68935893476055 396.7031825752074 4.027329550124026 -2.3600376863986874
-157.23224962483295 61.57409467294747 -4.171175600171255 3.148438705748589
401.58087437905795 14.352557891925699 2.6906180724051634 -2.976381799928137
108.86035315221511 -11.041381727237138 -2.5516501890144805 1.2112972203835648
444.96922014081997 490.9945584368213 -4.62419044389395 2.5544473922795117
-314.94219215953757 -124.26694095416093 4.8827849630098505 -2.979131786395095
-5.883437444160734 -179.558712281799 -2.6815078695640504 -4.456502243547088
-1.9676116674039008 304.5605297931078 4.13253483165504 -3.2552761913678974
245.32802625630507 -429.8957574220077 0.07731759874056632 3.7870728830208087
-377.23174430092956 181.9710447201303 0.7103343082387745 -2.1512304047434827
-141.22431062642295 123.69745649660547 -1.3393880689763704 0.7572183618814874
161.00413896393525 303.12028796054824 -1.3363034930537667 -1.8948938643963142
339.89585531289583 341.64326199020354 -2.751945380908467 4.754984241264912
246.26468189443904 333.12722281174433 3.1103367946091947 -0.48351213782975755
433.0853255115869 -472.74178106096855 4.326343098721262 -4.652673920270488
-44.63518214540727 -354.02031488578046 -2.3161503520085946 -4.4435136473183965
-0.4830306322725164 72.3128998937899 -2.371928946748505 0.9318938089572528
-197.834681975129 155.19661458592066 0.32304823570872365 1.7656049563207699
415.79978499676565 -433.8358971069488 -4.306714062279511 1.5241553934971686
404.3380920893493 -64.4985508044619 1.3350199608396647 -1.5257475726774428
-461.16673644050985 -118.6497695983798 3.421730543408346 -0.05624103764988764
-175.41586163275866 -27.797489820401097 0.4599108466687518 4.2781350417173165
-363.8090721270746 -421.50276266740696 4.502254953854866 0.9690607007441141
208.1669811523941 306.4037244325864 -0.3127281306243681 0.29300946088160895
-67.50075952800694 -387.09208051501054 1.367492707633458 2.4243883254723055
203.6049881517016 367.0843699697406 2.4627849097510257 -4.309622444539006
305.6050352557106 -281.795396756286 -2.462512637883835 -3.281776432664263
155.91616743591442 -203.94432544273457 -3.938599982473394 4.887610243654946
-373.11844181817787 329.1887895128301 -3.5319331078599814 -4.742940378815129
-281.32723068098863 -350.55958882556126 4.277993017991587 -1.9069431291952266
-133.06919618929135 -391.5446134842749 3.6286785291114025 -3.769466282845001
-227.97268973726437 -254.78100380861667 1.992952054984741 4.679643926541399
-61.67999764432943 182.04389090526217 1.9711058776439625 4.0622715654395165
111.65244192004207 172.59949134200315 -3.629731864967897 -2.094576518333544
-321.7900563068014 -207.46413604843252 2.887010375341897 -1.4506963040448175
-82.02301705937231 -391.37485964944676 0.08284622861428659 -4.788491152889244
-114.6220196889497 446.16710671894464 -2.643821306349267 -4.391023010457609
-101.90234725555405 -13.673734054422823 -0.7672916321108474 2.301022499703139
409.99696373544316 256.864123564279 -0.45951549190865393 -3.109379387901793
199.8406983827931 349.03942332875704 0.6519986576585026 3.2387914929813526
142.44229267525395 110.47556843886275 -1.1914149687670572 1.2234916742941948
106.18704541959767 434.23138789392544 -1.255103720898083 -4.650886660782751
415.15982547723274 388.90219045832316 -2.3575644574172925 4.669553754078672
-305.8868530421545 130.79454366301582 4.209804794714351 -3.884664351029868
368.4980896193156 157.08282062091257 -4.849702024655992 2.4819531005031603
-161.65360404213038 336.64570657553315 3.0336593753575283 -4.341372634688931
-496.77162386811204 -16.307114297856117 0.39605979734936625 4.630504389582338
-375.2413395926122 371.931472606557 1.6065355911943762 4.041347987031935
-170.83995976589483 -88.39414891914402 -1.3163222212623058 -2.5697334038486854
399.34419523488873 -483.912999080792 -0.9460793447946347 1.685867309081825
302.22456753380084 -260.47357714187757 -2.0364599565573673 -0.8799423678244098
54.771370502459376 -395.1670335832115 2.5398817678621644 -3.55318660489354
251.1663378571352 -286.3079310820611 4.8157152725477985 -1.5520288377418199
55.47688507118096 -45.78849851265534 0.7699909358524728 3.1730545212284724
291.78618847821303 -361.6718081190059 -4.637381475376314 -3.8910811978565185
192.41096784538342 202.4741080662427 -3.3057732679344722 -1.8152291340532365
-333.7698786429595 368.676933700233 -1.15745456610989 -3.950755349755588
-374.91427594138656 457.3309998252339 -1.4416780258708672 4.314840698982124
-435.43146290840895 -125.27675998708787 -2.456572124599835 -2.0460836200491626
-149.31748065951734 -338.3234127762981 -2.2873598799796624 -0.6184496145815999
459.7577440071159 -455.60771548287437 1.0484926674550907 -4.1216225693857576
64.99946079490519 274.71646743724375 3.8101470523425096 -1.2777015859941585
-375.61892683470677 -312.9456989972794 -4.456088521284064 -2.1579793208907274
374.8498050651548 178.11246061580027 2.5506994756256507 2.2928697410960863
-116.4557107504337 230.3074696813028 -2.7523773751189893 -1.478435845120576
-476.4999473238646 -238.3576898935268 -1.8978245779055447 3.886377977007088
-349.75694916419934 -109.36358034974427 2.026682661472572 1.579522309952436
359.11620531797246 131.10137756467861 -4.57145033994739 -2.439840889643307
-440.27411099281034 -52.35209187939358 -4.693696332991369 3.3162031861473356
106.66900041862004 1.5358139463605767 1.3018843795284738 -4.690518453376335
275.35921907895374 -287.6563441975861 4.534866124518519 2.7224626958968123
25.5515661246302 379.38006025693403 4.031414333999685 2.779610166448715
8.655195889597167 14.334297355175408 2.6275652872899693 -3.3025940551807653
-472.09246070995647 -190.2429128564993 -3.701691493577183 1.8699181979795796
-93.99512685568754 -186.98519862902873 -3.294852074485133 -0.07830658547860825
-223.42958238640034 -473.87392585365404 -2.063994714252803 3.345987019102388
-8.049024454487494 390.87394596349714 -1.985015992709025 0.07905013726019483
-226.23022143783066 -326.0393473100698 -0.16614936379314393 -0.7989002938663328
-387.5360560620087 230.43246969377174 -1.4549084634808276 -2.205946873032926
412.46196533387024 16.37623339252559 0.9976961305947665 -1.8393952785056844
-195.80225860645095 338.49481170815386 3.975010569545006 -1.7326511380289924
310.9591351128487 -302.4337808835322 -4.539581990097632 1.642063123373232
480.2624946005129 -257.46611954213904 3.3435428370484885 1.2823937239883936
-304.70572420536894 183.711017582021 -4.445402129189811 4.553610243327711
12.85986687633283 -48.33883653804105 -2.292539641040933 -3.7006725608895064
-446.78310131330124 416.579950663727 -0.3282320250050317 1.1828882128271268
72.85881652392652 -239.73057709265413 3.6463117351435717 -1.4221361763914784
226.66221578878196 437.9687823064395 -1.4920114654736616 -3.402680329436122
-491.1056894397846 242.99669116891823 1.489566747433683 -0.6923967359807603
-193.5295737104812 401.5608185770135 4.574152903229342 2.1870920905778366
438.2708028721404 357.07961108831034 -1.1408528707071843 3.3360859316426534
-277.2274235248618 169.92967173814225 4.646475260815153 -3.616114804626085
129.28377740632652 -383.630632046138 -3.156825428800759 -4.373474702409185
343.0881033492449 -461.6666196742677 0.05248512720338816 1.0626573702655664
202.361621654974 353.5920970635632 1.1275158216523433 -3.99702098093956
119.2428399501789 286.41126361232625 -1.4637095007839718 -2.11177462918796
104.1191743326807 -21.161787885464946 4.675129459883294 -1.8231916055310315
-87.89620966663915 464.04817234358086 -0.16791422701782555 2.4899941985078637
452.165872504394 365.9689410253977 -4.910662305373501 -1.4155510539280272
41.183203734786844 -199.5914482435477 -3.151848127099013 -4.035380333193556
-304.9778336360919 291.0403093355998 1.2505055209201625 4.403910730806748
-467.8400015776689 484.5622497474262 2.3795546120421704 4.4311005751801265
-441.30792075347733 -238.2093005342162 -2.7341498634713246 1.1514847637610846
0.7399139696495922 301.9758668213402 2.271109991120996 3.79475320332468
42.88055961129737 102.00426789050096 2.773027987301284 -3.325432419824328
-49.36042795874971 424.90772357640503 1.5716029701467402 -0.06415143760352748
485.55832989444673 127.19618461940263 0.6568741942185277 -0.47251470455872724
-193.3343561041109 -466.2698395954007 3.9642291977224904 -3.444820096131208
266.9880953408277 115.3374839881019 -2.9379343318888096 1.707816493534593
167.63779232406978 -493.1740934042337 2.3502130904910636 4.3195769056897415
-246.86716561412237 -191.98222370410576 0.8012994965388724 -0.5765522077733101
206.82955251671638 -163.35865650022805 -4.372664644462896 0.7820433994852527
140.54045677742693 22.944205732356295 3.2677215157501784 0.8329453821533681
-460.7382444168331 121.1372067822615 -4.39640782630621 2.9361735609149573
196.89420967933188 -389.58267761442977 1.7893794625711 1.4936205997559302
-445.5800572615827 400.87627498458403 -4.412426214289297 1.3365307827728437
-344.34501333213564 200.08636632021864 -2.545698954338176 2.653306411551349
-351.85896338400636 383.734461570441 -0.6664164361582596 -4.189635588208635
404.54841026893655 188.31312350685857 2.4629859193849946 4.793776355544651
-40.177440212409124 -74.91774993378317 4.93158863914859 1.9534118526892623
-121.15931690506454 -175.54071087390298 -4.435120249134645 4.585483737679233
248.0799776545564 -139.21251492685883 2.530100332347766 -4.9785675006619
171.85488315132227 392.7462853594401 3.4064592822134916 -2.6298200141332595
183.83249743659155 369.36561396269997 -0.5377344135245945 -0.4884514276330538
-238.53796658713821 159.92433391188115 1.1870223845882864 2.6863634026386745
-189.5456985585725 -462.02976863941814 3.8999246703824717 1.2023451301430113
-283.9480722000178 194.42400204543515 -4.922766594938587 -2.0179354449533236
191.4470440633703 74.24371884502091 -4.065769997855416 -3.7145880501575212
369.89918848907575 397.26148046970957 1.3596084411463494 -4.164355295679268
343.96331402901865 208.7325534176697 -1.9304066400477007 3.9402311039064415
432.46673316764463 260.0170517756429 1.5181529563149923 -2.7122068236592267
-442.5285080037964 -370.4952289839797 1.975420247240499 0.11719665657177991
-340.63739421635194 314.2504381015922 4.583215238878584 2.748102352769952
447.2086679056267 -323.451618657184 -0.20222057529305282 2.1533166430864217
60.35089615807988 228.84612459627272 1.9709672562759586 -2.441229168112844
-291.9377832305249 -291.9966159977124 -1.3460357090620754 -4.108888942331391
-74.13644980696131 319.516653829437 -1.7136459701440354 4.032063886517216
442.0331180052418 -218.50320828262517 2.792891296186956 -1.0662766511205257
-432.8674103265373 -16.579138176779225 1.0194509109778451 3.832985982837961
53.11041619945934 -81.42218594820616 -3.0987950601630576 -2.454145191934148
107.62807007948618 14.913630568264239 -2.822725752776761 -3.27810005671491
-220.3821749878515 -356.820778053763 -1.583678125657487 3.7245333831174694
413.6071708048721 175.5595953869697 3.566512019347 -0.19031235497409504
-7.513495744812076 -322.81249911464624 -3.3054203936069726 0.9214085771384593
408.8172668044433 477.5606816120352 -2.215319959984993 1.4376348953508034
354.09992555838767 374.60047954158756 -1.6692662348482754 2.171712650634694
190.50020948487497 -81.2095115581227 -3.531115123123729 -0.6908895373591983
-320.58617282464263 238.47788025791976 4.02014596764711 1.4589670083825688
-174.12100415028164 -117.1282241805477 -2.0314547969743613 1.8201296635016142
390.0832058541563 118.81637616416424 -0.2703668873608205 1.0140543303361182
141.3689069477722 -343.796129101318 2.8332193998846265 2.949887520540438
-338.3532655193651 -466.2989958900607 -1.5196276563286313 4.571749911192466
349.4511503871512 -29.666927896084076 4.297098784562097 3.5563636389294455
53.4239997604044 -292.80560266203037 3.2701415766781476 2.142052464849421
280.9188719019303 348.58750269942357 -1.4806142400982458 2.893770590970232
242.39606526645446 172.29012471474152 -4.719321179211678 4.497655160370652
-390.15542426871855 -381.7423160769325 -0.8372196234943292 1.566337572375419
-66.67488451009416 453.7235469957416 2.481423672356846 -3.5890357444917695
52.48152570848515 -128.68066120594415 -3.711512410966815 1.144194946418109
-159.22577783080607 8.91705054395311 1.052513192174409 3.611606198220155
154.00916011462743 241.93368536616276 1.948470754052865 -3.086051968777148
87.2593185800838 -268.1228601112997 2.867383785435762 1.0582932040562447
-363.44297929861824 -131.1589907828058 2.3959857093112555 -3.8435456687025074
416.43610817505646 -207.17795885020553 1.8021375891821076 -4.774427463702352
200.0146812785738 -126.84751173861355 1.7767428117352866 1.444923880270796
-64.50164871069461 -424.6303263663551 2.9380785341433118 -2.9154510507983855
-323.0331929664238 85.28316360865188 -3.985402239702246 -4.515883185491872
-215.97615557117268 155.84445205819782 -4.892623687684051 -2.640152110142707
299.2350602112218 486.86673898236313 -4.829363553013577 -0.9290924178711215
198.6171059810407 -44.412645659086195 -1.103138096806208 2.798767818749096
465.31800215456803 372.1351630937696 3.2895769470862373 3.9146923679468895
-73.36436604017416 -400.65768459121557 -2.282697344865723 -3.225063886446068
-439.7255908598058 386.07505901681384 2.71393683059331 -4.068947184312882
78.8036913595281 2.643064665220436 -0.11504933525795735 3.9397963118753605
-74.98395491303921 -494.900465524438 -0.8400758098309424 -2.474917076894231
144.57000535146665 -490.51135856097306 -4.696358484467359 4.844389595030162
419.93021684680696 -368.47863321261775 3.3491113532501284 1.907946616216254
302.85182302379303 138.85974205926982 -2.8140475372462834 2.996858003687036
119.59040981089117 -283.7066526783071 -0.44775396986938354 -3.9111272689496057
43.74323397193348 325.30421224370275 4.6030079731803255 -2.0464224398846973
341.67160556689 75.76883762208297 -2.96849062930604 2.0749844832506747
466.3513420230845 220.69564925094642 3.6988536625771555 1.4271337612866546
232.47661399124058 -407.88912750250154 -1.481518031018625 -3.1474462351564836
427.99437032753815 -110.03359826459712 4.377959667866783 3.62020992756149
-103.78017806291774 246.12718578479655 1.2446681058417361 -4.8148749573910194
281.99447449097306 -424.4168908959427 -4.187887969880265 -3.392063628194195
490.03690180805927 368.61656250984777 1.5573465365162935 3.4416344557117444
-264.75198985504574 78.15293129499025 -3.0713409346767606 4.370607101688751
402.6002201604026 -374.84176225707955 0.21381037742823672 -3.9924758104501867
-350.0425402909575 462.6328382903382 2.737045552521657 -3.2243022915498774
58.45031817370227 157.0859582630203 2.13844900819635 -4.092865433256955
-342.81331361495825 495.19377750612887 -0.6850058767231983 -2.8867285044901534
-5.993677384992111 64.5701446125289 -1.7414745145955015 -3.4093306517729838
467.09775566940914 -81.8800273445467 -1.1315479462758082 0.9981365949913554
471.57112011686365 -57.08037924911224 3.2920774209115837 -3.032624686851182
-329.93978246943664 29.95252259687311 -0.368520757124184 -0.82900472902109
192.3488860634784 -153.212470336882 2.041611467942942 3.644222022986078
-179.44501307742422 -10.618305861746364 -0.551032142567605 1.978124681907147
103.21947117589241 319.19103435443446 -4.923679654094665 -4.241515502114273
376.7870066093059 -455.26025640810695 -4.592928122556266 -0.6187238970682074
442.14877758798946 423.4512048783373 3.7232136100953266 1.679705127697769
-309.0843267596782 -463.90237993956083 1.9204697455458017 -1.0213066611001542
75.27252956790574 -186.4789070214582 2.163101468275438 0.9666095211113941
396.0115403334131 -83.71182972581016 -2.8724470847821157 -3.731158358504283
284.54421867543374 389.7043541507254 -0.8599560980513186 3.2752112818231005
-231.21301284127918 485.51786015183154 -4.332156401365838 4.50940159891781
-161.56648057966095 -490.07817810176937 -3.1074008892155804 3.3388944594542007
-153.73381998172977 312.9012688414764 -3.6465511327958655 -1.7532424667689375
260.37475043990685 145.90612251718096 -4.7411404958769054 -0.36945763334490955
12.445409387097357 444.7049957525819 2.199373507407901 3.8361639978587583
479.1956690033819 -442.72902291843343 -0.9538233976944444 0.7503487380988734
-271.24190492865995 -480.51126019951687 -4.6587313465980165 4.793729364327394
157.51696420267353 -133.64004424274236 3.879282810110208 1.0317745548656543
-462.1223281221917 -484.1873222353507 -3.759703836292184 -3.148753975357592
492.47423567609144 395.32419066203386 -0.8632496405522545 4.031409080513269
151.4594388657755 323.6043444622902 -2.134318320039128 -0.42842081199410664
208.63603412367252 262.8267735801029 1.6095680959132332 0.04491481521315155
53.3775731540552 274.27539712407736 1.5685359525289293 3.411324659853044
-3.331951274400808 163.60123421300557 1.219662112471184 4.500630571036925
-327.2100991293797 386.3835780713332 -2.160707027643464 3.782445296742962
-411.6403267563816 20.167771921441386 -0.6741420721719429 -2.4854469433481907
-206.95103273785543 -367.0890737029489 -2.9529746392432887 0.6120210961534074
-337.245649544367 224.69924369861258 -0.6034505034076965 -1.8993776731488032
489.15683810278813 217.3972160265797 -4.530543296162467 2.298695196892769
27.697809987104733 -145.36406710239544 2.4171588232830903 -3.242914598928791
463.17499039329937 376.4676421469826 4.380784608195093 0.5674193207270246
272.3835109690019 310.2378383004159 -0.22978965396993978 0.42678444201327803
-39.382984007690936 393.28849425719886 -4.638599791696726 2.5888539999708158
-485.38361556370967 -3.3982200744949864 0.7562819322871936 -3.1160191532769774
-276.6120359375581 251.544798136027 -3.071041684226059 -4.524706466058092
199.8881748933486 389.33998854004335 -4.1533558769704655 3.7579638993686224
275.9222406401135 373.97556540597134 -2.802751780126469 4.471790532359833
247.65588677129233 -429.68207817556515 -0.8137760653728261 2.3895170436266397
333.74362020215904 327.85327564557997 3.0514376880713794 -3.5410137410097784
247.3104858589403 115.86300419596694 2.6875585429200752 -2.398550072333996
-475.1811404482478 286.0188938869102 1.2276040287476961 1.7772122075760777
461.43723793582046 248.01862514167738 1.8819987428845497 -2.612273923928451
480.6818128211903 -34.04421483454388 3.730061247427475 1.5359214237046785
302.32154896418945 301.1484406920631 1.883247174676569 3.4745384749623014
230.7711620486964 117.47676166720964 -3.5580758543240876 -1.825201040310077
-439.49803181885903 356.5917439279424 1.4522781156049867 -1.0920958698457817
-65.15300989518425 364.94416458610556 1.124738664384899 -3.940682025533717
130.77635974375323 127.62684093730354 -1.187413383937356 0.11691724005253068
24.780570243792795 -486.90431159173374 4.511074849976236 0.5808205445192902
-110.88283029965964 -244.41933546786322 1.8260799802510181 3.5449473226641324
-493.19188615636 371.84825825858616 1.7025524900651963 0.6474875701232987
87.133790456307 307.4578127363758 -0.6002596900067143 2.8613608472603875
-109.86591812992839 -203.63245631684936 4.940876004505711 3.35891149283003
-458.4665837005488 109.00257259099817 4.254120547516337 4.4687210265290584
485.1707116096039 -149.42331103892036 -3.1040405232328547 4.100844565051725
76.01681887115762 410.99542968309686 4.530525041812815 -0.4295103882093727
-208.59212691734342 -424.56283951770723 -3.5761446151715006 2.781308061725319
-96.277675204292 45.28899881311861 3.787964179728734 0.5798628702995163
-182.11106876103645 -71.66015901491016 -1.7901420516225075 1.579141771730109
-431.87317433146967 -218.27255975720084 2.3269300695030015 3.41707540595705
-417.07952420433304 -24.113614921574822 1.0150221208353933 -4.537454869589953
43.30586791271719 114.56518845430105 3.731232671486726 2.9071958636617516
250.53499226944416 286.27146499489936 -2.279615540533878 -2.1810410445277704
-420.1732949583391 -205.38140380553602 -4.60936845010208 1.968501823969147
393.30000846655935 231.46029813789653 -4.142155521750156 0.6546180306395488
-195.02680582235064 -299.50445396430524 -0.9756257655271998 -1.0072602312603407
-74.6164990420508 457.4847040638556 4.289673975213407 0.07731048374761329
-33.582463103362215 1.4436410612718191 -2.6428752377444074 1.3232448718016965
391.27195344363736 -329.1262438111151 2.160495981413683 0.23416284920333652
118.18301370349036 -32.24535687754684 -4.450663211203475 -2.838477504843481
209.90933004856925 174.4692151030573 -0.29219935395119023 -0.4084025192393579
300.7959200673422 -38.242554413613675 3.2932449045747347 -3.0304257821395053
456.9923183717142 137.98515180913944 -2.1431346096028037 1.523517108649397
-347.25925708648856 281.5776286412047 3.1956662893437944 -4.4293239853598525
31.14842684248822 118.99894342421328 -2.847286064814998 3.8907760449944195
307.4831275480559 106.71061398374115 -0.798281150824077 -3.923204904077502
374.8970827052092 298.9816698621677 -1.9794308187383458 -0.10685009433283899
-228.9546850241676 -425.87034591034677 -1.8090840038516678 -3.8020785174621174
-468.1973106809585 467.7670320601243 -0.4199195428224458 -1.0343534663026164
83.24049778905385 175.20241733964917 -0.9004803394209882 -3.0509094605949585
79.1259018215386 -115.93727970150547 3.239276430810401 -4.894744841345023
37.58103696356113 358.4060805535246 2.963400703639145 2.6916192747527194
-252.52201260080275 395.7495690140926 -0.49926639408650697 1.4943321952435724
-307.2597401171041 -168.4209818239553 2.691376496721567 3.369155340243129
479.2295618418008 221.85347795571852 4.924869701923955 4.090147072621921
-383.6169841112759 -207.00549433705686 3.5871844495320726 -1.298448369547338
-364.80389094706857 108.2336830724779 2.4296419002692993 4.513580467477725
318.6547657781048 -444.427207693564 2.1973688277289902 1.535506747818257
19.994342332639462 -325.31105575953404 2.056219864817769 -4.401803310201213
-302.74078824554584 455.11646829818017 4.354036673540685 -2.1283676738227464
227.45844359228784 316.3398611277562 4.838154108761545 2.04804040846485
-194.8615722805933 -7.277851851412834 -2.372790041537268 2.623866670635758
-338.27002957769923 90.31129057207454 -3.659268004894484 2.0107463134618317
-353.35143281365845 -120.83687245401342 -2.1126863009224106 -2.690570433513313
44.6348078462247 -195.41959143235175 0.11452880125722231 0.04184116570582219
-243.25362400178938 203.51468585688997 -3.1203387934855966 -0.5155322774428752
184.81559689976905 -438.7184125796163 -0.3586642509634883 -1.304725485757523
452.7198084409216 63.3152730377127 4.677011034010052 -2.6797895880317224
418.394410192529 211.61345537928764 0.5510353074905092 2.1562738085921564
239.88838229709995 478.87910261722755 -2.0811673021634167 -3.334123782312072
83.29337449235788 206.57159563820915 1.26129618397721 -2.2934152277059203
10.325791890195546 197.1445476300746 2.039307611670865 0.9704095817075427
396.1998252120969 413.8252029154976 -1.2299542105925454 1.3115395171296989
53.03008914558029 332.90865454634536 3.1633419938732548 -4.330595771230541
-15.402090351733989 -337.4127822329798 -3.000077696688791 -1.6547134063402225
-192.58992526658858 -227.69102293014686 -3.082210909510427 -1.3123459681586058
90.02560292053863 -121.0281146363136 2.239762898507113 4.386429418558244
147.22166317957 359.86479406308445 -4.9832265659094555 4.87422527513073
72.65830074637927 333.8436342539494 2.4701152824766837 4.74148658488167
-296.51543256364323 165.8499984875882 -2.3764283656367144 -3.5485562643504442
489.86698026623503 429.10861853389474 -1.989182723610786 -4.781348384212722
399.6647642031669 86.09507420358955 3.459705582806196 -1.0771026044415857
-234.37195687505175 -438.94379114810965 4.961138777403681 -2.1408275530518814
410.1876897751047 -445.8171154847422 1.9964550175132807 -1.011729093920012
203.0824240776284 396.855985659481 2.6254593049298345 2.8646521323295016
-232.51466557839439 361.3150036777671 0.6207262630895123 -3.606078584542629
